96
177
101
203
249
33
51
102
231
141
280
293
75
126
68
127
179
133
63
271
148
144
108
174
256
20
3
139
287
105
70
182
49
264
14
90
234
19
158
124
211
9
219
189
216
28
60
209
254
58
143
17
25
74
62
55
88
40
278
147
163
238
172
290
56
205
297
13
95
157
198
190
50
243
246
8
66
188
281
31
118
207
194
273
99
159
130
218
240
248
129
16
156
257
236
97
201
265
137
61
239
223
100
37
65
48
18
71
36
235
11
69
76
22
261
276
122
89
217
266
134
24
29
46
160
80
170
227
59
54
185
237
206
87
214
286
38
244
140
145
110
289
73
260
135
94
79
270
0
279
82
250
109
115
187
138
86
34
245
224
225
283
120
84
178
191
269
162
117
153
149
150
274
215
98
268
128
78
116
267
165
255
202
294
67
230
4
284
10
242
200
114
43
72
285
53
123
131
21
184
35
258
83
142
183
23
7
295
221
107
132
296
259
111
247
272
208
92
125
41
32
171
155
228
64
6
42
251
81
298
253
12
47
30
199
44
2
186
52
262
112
1
136
146
27
93
241
152
210
292
226
222
103
113
5
161
104
106
282
252
277
57
164
196
119
263
15
91
121
181
173
77
213
175
85
233
167
166
195
212
154
291
232
220
169
39
45
299
180
288
197
192
176
229
204
26
151
193
275
168
